7, 8640
tensor([[-1.6623e-04, -9.8595e-05, -2.4647e-03,  ..., -1.1346e-03,
         -6.7478e-04, -1.5335e-03],
        [-3.6775e-04, -1.4650e-03,  1.4053e-04,  ...,  1.4803e-03,
         -1.2316e-04, -4.0265e-03],
        [ 1.0704e-03,  2.7836e-04, -1.6552e-03,  ..., -1.3694e-03,
          2.6408e-03, -2.7630e-04],
        ...,
        [ 2.0271e-04, -1.7540e-04,  8.6452e-05,  ...,  1.1768e-03,
          1.1091e-03,  4.6121e-04],
        [-1.2580e-04, -2.9490e-04,  2.1147e-03,  ...,  2.2455e-04,
          1.3474e-03, -1.3262e-03],
        [-7.5767e-07, -1.1169e-04,  4.9573e-05,  ...,  1.7360e-06,
         -2.7874e-04,  8.9247e-04]])