32, 7, 7
tensor([[[1.0000, 0.0000, 0.0000,  ..., 0.0000, 0.0000, 0.0000],
         [0.7754, 0.2246, 0.0000,  ..., 0.0000, 0.0000, 0.0000],
         [0.5708, 0.2461, 0.1831,  ..., 0.0000, 0.0000, 0.0000],
         ...,
         [0.3106, 0.0874, 0.0874,  ..., 0.0815, 0.0000, 0.0000],
         [0.3660, 0.0982, 0.0610,  ..., 0.0502, 0.1010, 0.0000],
         [0.2193, 0.0378, 0.0260,  ..., 0.0202, 0.4341, 0.1550]],

        [[1.0000, 0.0000, 0.0000,  ..., 0.0000, 0.0000, 0.0000],
         [0.9782, 0.0218, 0.0000,  ..., 0.0000, 0.0000, 0.0000],
         [0.9348, 0.0469, 0.0183,  ..., 0.0000, 0.0000, 0.0000],
         ...,
         [0.9087, 0.0269, 0.0158,  ..., 0.0253, 0.0000, 0.0000],
         [0.7646, 0.0283, 0.0209,  ..., 0.0282, 0.1251, 0.0000],
         [0.6922, 0.0245, 0.0149,  ..., 0.0184, 0.1099, 0.1223]],

        [[1.0000, 0.0000, 0.0000,  ..., 0.0000, 0.0000, 0.0000],
         [0.8152, 0.1848, 0.0000,  ..., 0.0000, 0.0000, 0.0000],
         [0.6515, 0.1590, 0.1896,  ..., 0.0000, 0.0000, 0.0000],
         ...,
         [0.5142, 0.0515, 0.0762,  ..., 0.1573, 0.0000, 0.0000],
         [0.3295, 0.0578, 0.0586,  ..., 0.0575, 0.3685, 0.0000],
         [0.2719, 0.0409, 0.0502,  ..., 0.0544, 0.2692, 0.2097]],

        ...,

        [[1.0000, 0.0000, 0.0000,  ..., 0.0000, 0.0000, 0.0000],
         [0.9839, 0.0161, 0.0000,  ..., 0.0000, 0.0000, 0.0000],
         [0.9447, 0.0350, 0.0203,  ..., 0.0000, 0.0000, 0.0000],
         ...,
         [0.8284, 0.0347, 0.0199,  ..., 0.0195, 0.0000, 0.0000],
         [0.7662, 0.0035, 0.0019,  ..., 0.0043, 0.1266, 0.0000],
         [0.8416, 0.0038, 0.0022,  ..., 0.0037, 0.0491, 0.0445]],

        [[1.0000, 0.0000, 0.0000,  ..., 0.0000, 0.0000, 0.0000],
         [0.7046, 0.2954, 0.0000,  ..., 0.0000, 0.0000, 0.0000],
         [0.4501, 0.2582, 0.2917,  ..., 0.0000, 0.0000, 0.0000],
         ...,
         [0.0936, 0.0360, 0.1221,  ..., 0.2514, 0.0000, 0.0000],
         [0.1591, 0.0417, 0.0683,  ..., 0.1141, 0.4438, 0.0000],
         [0.1134, 0.0221, 0.0453,  ..., 0.0602, 0.3357, 0.3020]],

        [[1.0000, 0.0000, 0.0000,  ..., 0.0000, 0.0000, 0.0000],
         [0.6716, 0.3284, 0.0000,  ..., 0.0000, 0.0000, 0.0000],
         [0.5413, 0.1880, 0.2706,  ..., 0.0000, 0.0000, 0.0000],
         ...,
         [0.4366, 0.0642, 0.1126,  ..., 0.1162, 0.0000, 0.0000],
         [0.3610, 0.0457, 0.0727,  ..., 0.0721, 0.2078, 0.0000],
         [0.3425, 0.0874, 0.1186,  ..., 0.0557, 0.1387, 0.0505]]])