32000, 3200
tensor([[-3.6011e-03, -1.0559e-02, -1.6602e-02,  ...,  5.3711e-03,
          6.3171e-03,  2.9297e-03],
        [ 1.0315e-02,  2.8687e-03,  5.9128e-04,  ..., -1.8845e-03,
         -9.2983e-05, -3.0060e-03],
        [-3.9368e-03,  2.5787e-03,  8.6975e-04,  ...,  2.8229e-03,
         -2.8687e-03,  5.5542e-03],
        ...,
        [-2.0508e-02, -4.2419e-03, -8.6670e-03,  ...,  1.8188e-02,
          6.9580e-03, -2.3804e-02],
        [ 7.3624e-04,  2.3193e-02,  6.0425e-03,  ...,  5.8289e-03,
         -2.6733e-02,  7.8735e-03],
        [-2.7466e-02, -1.1353e-02,  1.0620e-02,  ...,  1.8433e-02,
         -2.1729e-02,  4.1008e-04]])