7, 3200
tensor([[ 1.0315e-02,  2.8687e-03,  5.9128e-04,  ..., -1.8845e-03,
         -9.2983e-05, -3.0060e-03],
        [ 3.4027e-03, -1.1047e-02, -6.6833e-03,  ...,  1.2024e-02,
         -1.2207e-02, -4.5166e-03],
        [-7.8125e-03, -3.7842e-03,  2.7344e-02,  ..., -1.3550e-02,
         -8.4839e-03,  1.0986e-02],
        ...,
        [ 1.3367e-02,  1.1520e-03, -4.6082e-03,  ...,  1.1841e-02,
          2.1973e-02,  5.0049e-03],
        [-2.5024e-03,  1.3065e-04, -1.4591e-04,  ..., -1.2207e-04,
         -9.9945e-04, -1.2436e-03],
        [-4.9210e-04, -2.0447e-03,  2.2602e-04,  ...,  8.2016e-04,
         -1.0681e-03, -4.1389e-04]])