32, 7, 7
tensor([[[ 3.6454e+00, -3.4028e+38, -3.4028e+38,  ..., -3.4028e+38,
          -3.4028e+38, -3.4028e+38],
         [ 2.8730e+00,  1.6338e+00, -3.4028e+38,  ..., -3.4028e+38,
          -3.4028e+38, -3.4028e+38],
         [ 2.5810e+00,  1.7396e+00,  1.4437e+00,  ..., -3.4028e+38,
          -3.4028e+38, -3.4028e+38],
         ...,
         [ 2.4635e+00,  1.1955e+00,  1.1950e+00,  ...,  1.1256e+00,
          -3.4028e+38, -3.4028e+38],
         [ 5.5164e+00,  4.2010e+00,  3.7240e+00,  ...,  3.5290e+00,
           4.2291e+00, -3.4028e+38],
         [ 4.4299e+00,  2.6725e+00,  2.2986e+00,  ...,  2.0458e+00,
           5.1130e+00,  4.0834e+00]],

        [[ 6.0299e+00, -3.4028e+38, -3.4028e+38,  ..., -3.4028e+38,
          -3.4028e+38, -3.4028e+38],
         [ 8.0180e+00,  4.2133e+00, -3.4028e+38,  ..., -3.4028e+38,
          -3.4028e+38, -3.4028e+38],
         [ 7.1316e+00,  4.1384e+00,  3.1997e+00,  ..., -3.4028e+38,
          -3.4028e+38, -3.4028e+38],
         ...,
         [ 7.6121e+00,  4.0910e+00,  3.5586e+00,  ...,  4.0326e+00,
          -3.4028e+38, -3.4028e+38],
         [ 5.3483e+00,  2.0525e+00,  1.7503e+00,  ...,  2.0474e+00,
           3.5379e+00, -3.4028e+38],
         [ 6.4068e+00,  3.0668e+00,  2.5674e+00,  ...,  2.7768e+00,
           4.5665e+00,  4.6736e+00]],

        [[ 2.2380e+00, -3.4028e+38, -3.4028e+38,  ..., -3.4028e+38,
          -3.4028e+38, -3.4028e+38],
         [ 2.5873e+00,  1.1029e+00, -3.4028e+38,  ..., -3.4028e+38,
          -3.4028e+38, -3.4028e+38],
         [ 2.2523e+00,  8.4194e-01,  1.0177e+00,  ..., -3.4028e+38,
          -3.4028e+38, -3.4028e+38],
         ...,
         [ 2.4148e+00,  1.1340e-01,  5.0534e-01,  ...,  1.2304e+00,
          -3.4028e+38, -3.4028e+38],
         [ 1.9948e+00,  2.5420e-01,  2.6802e-01,  ...,  2.4956e-01,
           2.1069e+00, -3.4028e+38],
         [ 2.0813e+00,  1.8663e-01,  3.9207e-01,  ...,  4.7217e-01,
           2.0714e+00,  1.8216e+00]],

        ...,

        [[ 6.9213e+00, -3.4028e+38, -3.4028e+38,  ..., -3.4028e+38,
          -3.4028e+38, -3.4028e+38],
         [ 5.4639e+00,  1.3497e+00, -3.4028e+38,  ..., -3.4028e+38,
          -3.4028e+38, -3.4028e+38],
         [ 4.6381e+00,  1.3427e+00,  7.9624e-01,  ..., -3.4028e+38,
          -3.4028e+38, -3.4028e+38],
         ...,
         [ 4.9278e+00,  1.7564e+00,  1.1965e+00,  ...,  1.1808e+00,
          -3.4028e+38, -3.4028e+38],
         [ 7.1621e+00,  1.7731e+00,  1.1547e+00,  ...,  1.9710e+00,
           5.3615e+00, -3.4028e+38],
         [ 6.9899e+00,  1.5991e+00,  1.0263e+00,  ...,  1.5501e+00,
           4.1482e+00,  4.0509e+00]],

        [[ 3.9134e+00, -3.4028e+38, -3.4028e+38,  ..., -3.4028e+38,
          -3.4028e+38, -3.4028e+38],
         [ 2.2375e+00,  1.3684e+00, -3.4028e+38,  ..., -3.4028e+38,
          -3.4028e+38, -3.4028e+38],
         [ 1.4230e+00,  8.6748e-01,  9.8944e-01,  ..., -3.4028e+38,
          -3.4028e+38, -3.4028e+38],
         ...,
         [ 4.9831e-01, -4.5636e-01,  7.6472e-01,  ...,  1.4869e+00,
          -3.4028e+38, -3.4028e+38],
         [ 2.4698e+00,  1.1310e+00,  1.6249e+00,  ...,  2.1377e+00,
           3.4957e+00, -3.4028e+38],
         [ 1.7105e+00,  7.6397e-02,  7.9397e-01,  ...,  1.0778e+00,
           2.7963e+00,  2.6906e+00]],

        [[ 1.6543e+00, -3.4028e+38, -3.4028e+38,  ..., -3.4028e+38,
          -3.4028e+38, -3.4028e+38],
         [ 2.3745e+00,  1.6592e+00, -3.4028e+38,  ..., -3.4028e+38,
          -3.4028e+38, -3.4028e+38],
         [ 1.9245e+00,  8.6720e-01,  1.2312e+00,  ..., -3.4028e+38,
          -3.4028e+38, -3.4028e+38],
         ...,
         [ 2.6809e+00,  7.6312e-01,  1.3260e+00,  ...,  1.3569e+00,
          -3.4028e+38, -3.4028e+38],
         [ 2.2340e+00,  1.6645e-01,  6.3092e-01,  ...,  6.2263e-01,
           1.6818e+00, -3.4028e+38],
         [ 1.8832e+00,  5.1741e-01,  8.2217e-01,  ...,  6.7193e-02,
           9.7937e-01, -3.1184e-02]]])