32, 7, 100
tensor([[[ 0.9957,  0.5055, -0.6987,  ..., -0.2885, -0.8605, -0.0536],
         [ 0.5714, -0.1143, -0.0523,  ..., -0.7753,  0.5197,  0.2314],
         [ 0.4429, -0.5003,  0.1205,  ..., -0.1505,  0.4112,  0.1646],
         ...,
         [-0.6470, -0.2131,  0.5681,  ..., -0.1835,  0.3935,  0.3008],
         [ 1.4923,  2.3219,  0.9239,  ...,  1.3207, -1.3069, -1.7861],
         [ 1.2469,  1.2122, -0.0920,  ..., -0.1174, -1.3899, -0.4477]],

        [[ 0.0043,  0.0673,  0.0069,  ..., -1.2866, -0.3594,  1.3956],
         [ 1.1994,  0.0419,  0.3956,  ...,  0.7636, -0.1918, -0.5024],
         [-0.0107,  0.4354,  0.5146,  ...,  0.6808, -0.1047, -0.4309],
         ...,
         [-1.0892,  0.5555,  0.4444,  ...,  0.1387, -0.3762, -0.1730],
         [-0.5268, -0.7881, -0.5892,  ..., -2.6022, -0.7321,  0.1231],
         [ 0.7185, -1.1074, -1.0896,  ..., -1.1519, -0.4760,  1.5638]],

        [[ 0.2197,  0.0662, -0.3071,  ..., -1.4960,  2.7212, -1.6703],
         [ 1.4528,  0.5881, -1.0272,  ..., -1.2385,  0.6772, -0.0387],
         [ 0.7008, -0.3366, -0.7247,  ..., -0.4590,  0.3572, -0.1951],
         ...,
         [-1.1127, -0.6376,  0.2606,  ..., -0.3906,  0.0593,  0.0132],
         [-0.0666,  0.6900,  0.5693,  ...,  0.7863,  1.0526, -0.1150],
         [ 0.2153,  0.7521,  0.8452,  ..., -0.8990,  1.3300, -0.6437]],

        ...,

        [[ 0.3814,  0.1822, -0.3848,  ..., -0.9418, -2.7680, -0.7562],
         [ 0.5348,  0.4273,  0.3264,  ..., -0.1289, -0.1076, -0.4077],
         [-0.0973, -0.0716,  0.1595,  ..., -0.1509,  0.0214, -0.4194],
         ...,
         [-1.1062, -0.4101,  0.5492,  ..., -0.5243, -0.5745, -0.8921],
         [-0.8769, -0.4612,  0.4212,  ..., -1.9981, -1.1187, -1.7950],
         [-0.4175, -0.4952, -0.8759,  ..., -1.1846, -2.0538, -0.7944]],

        [[-1.9825,  0.0772, -1.7381,  ...,  0.6149,  2.0557, -0.2687],
         [ 1.5063, -1.4888, -0.2235,  ...,  0.4086,  0.1030, -0.3484],
         [ 1.1378, -0.9448,  0.6764,  ...,  0.0924, -0.2406, -0.1540],
         ...,
         [-1.1311,  1.0307,  0.7418,  ...,  0.6796,  0.0378, -0.5988],
         [-2.3766,  2.0746,  1.3698,  ...,  1.1276, -0.2827, -1.0187],
         [-1.9689,  1.8885, -0.0847,  ...,  1.4582,  1.9057, -1.1734]],

        [[-0.0674,  0.0156, -0.1636,  ...,  0.0794, -0.1408,  0.1118],
         [ 1.0785, -0.5284, -0.4952,  ..., -0.1077,  0.2077, -0.2163],
         [ 0.5080, -0.4524, -0.1711,  ..., -0.3738,  0.1915, -0.7529],
         ...,
         [-1.1818,  0.3144,  0.5703,  ...,  0.1799, -0.0799,  0.6563],
         [-1.3281,  1.0640,  0.9024,  ...,  1.6355,  1.0783,  1.2544],
         [-0.7191,  2.2743,  1.5503,  ...,  0.7028, -0.3956,  1.7595]]])