32, 7, 100
tensor([[[ 6.0815e-01,  4.5325e-01, -5.7552e-01,  ...,  1.8005e-01,
          -2.2071e-01, -3.0111e-01],
         [ 1.4765e-01, -8.3978e-02, -3.8904e-01,  ..., -2.0971e-02,
          -4.8995e-01, -1.7762e-01],
         [ 5.4678e-02,  5.7891e-02, -3.5989e-01,  ...,  1.4389e-01,
          -2.9073e-01, -1.9256e-01],
         ...,
         [-1.3924e-02,  1.6090e-01, -3.4925e-01,  ...,  3.4668e-01,
          -3.8902e-01, -3.0679e-01],
         [ 7.2177e-01,  2.2864e+00, -9.7991e-01,  ...,  2.1576e-01,
          -3.3866e-02, -3.9252e-02],
         [ 3.2958e-01,  6.2800e-01, -5.0531e-01,  ...,  1.8347e-01,
          -3.1185e-01, -3.6303e-01]],

        [[ 3.2437e-01,  8.1791e-01,  8.0098e-01,  ...,  2.6069e-01,
           1.2052e-01,  1.0957e-01],
         [ 2.1524e-01, -4.0579e-01, -3.3678e-01,  ..., -8.4791e-02,
           1.6336e-01,  5.0608e-01],
         [ 1.9494e-01, -5.3624e-01, -4.9598e-01,  ..., -1.3660e-03,
           2.5659e-01,  4.3803e-01],
         ...,
         [ 3.7589e-01, -3.2009e-01, -2.6008e-01,  ...,  1.1593e-01,
           1.9215e-01,  3.3127e-01],
         [ 8.7271e-01,  8.3350e-01,  1.0534e+00,  ...,  3.5283e-01,
           2.6605e-02,  1.7468e-01],
         [ 7.4712e-01,  4.1832e-01,  5.6541e-01,  ...,  1.9018e-01,
           9.7616e-02, -8.3304e-02]],

        [[ 2.5222e-01,  3.5326e-01, -8.8601e-01,  ...,  2.4002e-03,
           1.5669e-01,  8.0006e-02],
         [ 6.1215e-01,  2.4331e-01, -4.7943e-01,  ..., -6.1838e-02,
           1.1464e-01, -2.6753e-01],
         [ 4.2786e-01,  2.9090e-01, -4.6859e-01,  ..., -1.3601e-01,
           2.0224e-01, -2.1055e-01],
         ...,
         [ 7.2778e-01,  3.0198e-02, -5.5131e-01,  ..., -1.7191e-01,
           6.7951e-02, -2.3596e-01],
         [ 1.0314e+00, -6.1686e-01, -7.9404e-01,  ..., -8.1717e-02,
           6.8488e-02, -8.1597e-03],
         [ 5.3476e-01,  4.3523e-02, -1.0071e+00,  ..., -2.4221e-02,
          -1.2451e-02, -1.1238e-01]],

        ...,

        [[-8.2133e-01, -3.8773e-01, -3.1626e-01,  ..., -3.8801e-01,
          -4.4881e-01, -1.1354e-01],
         [ 5.3067e-02, -5.2187e-02, -1.2350e+00,  ...,  7.5695e-01,
           6.1717e-01,  7.1137e-01],
         [ 1.1437e-01,  7.3683e-02, -1.0154e+00,  ...,  7.0546e-01,
           6.6556e-01,  8.0576e-01],
         ...,
         [ 2.0570e-01, -1.8917e-01, -1.0794e+00,  ...,  5.4679e-01,
           1.7104e-01,  8.8701e-01],
         [ 9.3814e-02, -3.2499e-01, -2.9194e-01,  ..., -5.0486e-01,
          -6.6914e-01,  3.4875e-02],
         [-3.4047e-01, -2.1125e-01, -2.4098e-01,  ...,  5.6491e-02,
          -6.0044e-01,  1.6272e-01]],

        [[-1.4472e-01,  1.0003e-02, -5.0495e-01,  ..., -2.2801e-01,
           1.0232e-02, -1.8036e-02],
         [-2.9298e-01, -6.5166e-01, -1.2635e+00,  ..., -4.9228e-01,
          -1.7672e-01,  4.8391e-01],
         [-1.1672e-01, -2.9124e-01, -8.3664e-01,  ..., -4.2873e-01,
          -1.0956e-01,  5.2640e-01],
         ...,
         [-6.5273e-01, -5.0581e-01, -1.0792e+00,  ..., -7.0212e-01,
          -2.4668e-01,  8.8186e-01],
         [ 1.7722e-01, -3.6800e-01, -3.8736e-01,  ..., -5.0791e-01,
           1.0496e-01,  4.1686e-01],
         [-1.3978e-01, -2.8089e-01, -5.6618e-01,  ..., -4.9141e-01,
          -2.7615e-01,  2.7264e-01]],

        [[ 7.6664e-01, -2.3248e-01, -1.9311e-02,  ..., -2.1240e-02,
           2.4076e-01, -4.4751e-01],
         [ 2.4606e-01,  4.9363e-02, -5.6448e-01,  ..., -1.2368e-02,
           8.5583e-02, -3.3050e-01],
         [ 4.3418e-01, -3.6729e-02, -3.8561e-01,  ..., -2.0976e-02,
           1.3497e-01, -3.6549e-01],
         ...,
         [ 1.9918e-01, -1.7171e-01, -9.4386e-01,  ...,  2.2948e-02,
           7.3189e-02, -3.4711e-01],
         [ 3.6886e-01, -2.9730e-01, -7.5754e-01,  ..., -1.3720e-01,
          -5.5636e-02, -4.1435e-01],
         [ 4.2356e-01, -3.1857e-01, -1.0948e-01,  ...,  1.1069e-02,
           4.9658e-02, -4.0009e-01]]])