2048, 100
tensor([[ 0.0000e+00,  0.0000e+00,  0.0000e+00,  ...,  0.0000e+00,
          0.0000e+00,  0.0000e+00],
        [ 8.4147e-01,  7.3912e-01,  6.3795e-01,  ...,  1.7378e-04,
          1.4454e-04,  1.2023e-04],
        [ 9.0930e-01,  9.9570e-01,  9.8254e-01,  ...,  3.4756e-04,
          2.8909e-04,  2.4045e-04],
        ...,
        [ 1.7590e-01, -9.7689e-01,  8.8089e-01,  ...,  3.4795e-01,
          2.9131e-01,  2.4339e-01],
        [-7.3331e-01, -8.1604e-01,  9.8032e-01,  ...,  3.4811e-01,
          2.9144e-01,  2.4351e-01],
        [-9.6832e-01, -1.2243e-01,  6.2894e-01,  ...,  3.4827e-01,
          2.9158e-01,  2.4363e-01]])