32, 7, 7
tensor([[[ 3.6454,  2.1625,  1.7815,  ...,  1.1652,  2.7911,  2.8576],
         [ 2.8730,  1.6338,  1.3323,  ...,  1.0654,  2.2540,  2.5438],
         [ 2.5810,  1.7396,  1.4437,  ...,  1.1939,  2.1500,  2.2423],
         ...,
         [ 2.4635,  1.1955,  1.1950,  ...,  1.1256,  2.9225,  2.5060],
         [ 5.5164,  4.2010,  3.7240,  ...,  3.5290,  4.2291,  3.2934],
         [ 4.4299,  2.6725,  2.2986,  ...,  2.0458,  5.1130,  4.0834]],

        [[ 6.0299,  1.9207,  1.7768,  ...,  1.6001,  2.4506,  2.4194],
         [ 8.0180,  4.2133,  3.2079,  ...,  3.0308,  4.0420,  4.5035],
         [ 7.1316,  4.1384,  3.1997,  ...,  3.0644,  3.3621,  3.8908],
         ...,
         [ 7.6121,  4.0910,  3.5586,  ...,  4.0326,  4.3304,  4.4351],
         [ 5.3483,  2.0525,  1.7503,  ...,  2.0474,  3.5379,  4.1647],
         [ 6.4068,  3.0668,  2.5674,  ...,  2.7768,  4.5665,  4.6736]],

        [[ 2.2380,  0.9368,  1.0367,  ...,  0.7187,  1.6540,  1.3437],
         [ 2.5873,  1.1029,  1.1723,  ...,  1.2673,  1.7072,  1.8772],
         [ 2.2523,  0.8419,  1.0177,  ...,  1.2598,  1.4029,  1.5379],
         ...,
         [ 2.4148,  0.1134,  0.5053,  ...,  1.2304,  2.1217,  2.1316],
         [ 1.9948,  0.2542,  0.2680,  ...,  0.2496,  2.1069,  1.7587],
         [ 2.0813,  0.1866,  0.3921,  ...,  0.4722,  2.0714,  1.8216]],

        ...,

        [[ 6.9213,  1.0755,  0.6989,  ...,  1.6151,  4.3656,  4.0000],
         [ 5.4639,  1.3497,  0.6876,  ..., -0.3542,  0.3642,  0.2937],
         [ 4.6381,  1.3427,  0.7962,  ..., -0.2355,  0.3443, -0.1761],
         ...,
         [ 4.9278,  1.7564,  1.1965,  ...,  1.1808,  2.4676,  1.8806],
         [ 7.1621,  1.7731,  1.1547,  ...,  1.9710,  5.3615,  4.9027],
         [ 6.9899,  1.5991,  1.0263,  ...,  1.5501,  4.1482,  4.0509]],

        [[ 3.9134,  2.1366,  1.7727,  ...,  1.2901,  1.9855,  1.8899],
         [ 2.2375,  1.3684,  0.7487,  ..., -0.9804, -0.1348, -0.2254],
         [ 1.4230,  0.8675,  0.9894,  ...,  0.0487,  1.0488,  0.3125],
         ...,
         [ 0.4983, -0.4564,  0.7647,  ...,  1.4869,  3.8860,  2.4937],
         [ 2.4698,  1.1310,  1.6249,  ...,  2.1377,  3.4957,  3.4971],
         [ 1.7105,  0.0764,  0.7940,  ...,  1.0778,  2.7963,  2.6906]],

        [[ 1.6543,  0.2930,  0.7698,  ..., -0.1264,  0.8929, -0.4282],
         [ 2.3745,  1.6592,  1.7043,  ...,  0.9100,  1.6180,  0.8594],
         [ 1.9245,  0.8672,  1.2312,  ...,  0.6907,  1.5841,  0.6951],
         ...,
         [ 2.6809,  0.7631,  1.3260,  ...,  1.3569,  2.3810,  2.0660],
         [ 2.2340,  0.1664,  0.6309,  ...,  0.6226,  1.6818,  1.9021],
         [ 1.8832,  0.5174,  0.8222,  ...,  0.0672,  0.9794, -0.0312]]])