7, 8640
tensor([[-8.8311e-02, -1.5023e-02, -7.4283e-02,  ..., -7.3152e-02,
         -1.1626e-01,  2.8908e-02],
        [-1.1989e-02,  1.6251e-01, -5.0140e-02,  ..., -8.3041e-02,
         -1.4350e-01,  9.2440e-02],
        [ 1.9204e-02,  1.0785e-02, -3.8022e-02,  ..., -8.7481e-02,
         -1.3751e-01,  6.3353e-03],
        ...,
        [ 7.6970e-03,  3.7023e-03, -8.9308e-03,  ..., -5.3963e-02,
         -9.7179e-02,  8.4649e-02],
        [-2.5404e-02,  2.4787e-02, -8.6410e-02,  ..., -1.3089e-02,
         -1.9731e-02,  2.3324e-02],
        [-1.7890e-03,  1.3750e-02, -9.0842e-03,  ..., -1.0821e-04,
          1.0353e-02, -1.9212e-02]])