32, 1, 100
tensor([[[ 5.5405e-03,  5.4167e-04, -4.2865e-03,  ..., -2.0901e-03,
           2.1655e-03, -4.3020e-04]],

        [[-5.7959e-06,  5.3095e-03, -1.5921e-02,  ...,  4.6649e-03,
          -3.1526e-03, -3.9336e-05]],

        [[-3.4479e-04,  4.2847e-04,  6.2604e-03,  ...,  2.8178e-03,
           2.6780e-03,  1.0193e-03]],

        ...,

        [[-9.3133e-02,  9.7488e-03, -6.1985e-03,  ...,  4.4853e-03,
          -3.9196e-02, -1.9951e-02]],

        [[ 9.7911e-04, -3.3771e-03,  6.5643e-03,  ...,  5.8057e-03,
          -1.7201e-03,  9.4510e-03]],

        [[ 6.7617e-03,  3.7044e-03, -3.2063e-03,  ...,  1.1305e-02,
           3.2372e-03, -4.3132e-03]]])