32, 1, 100
tensor([[[ 9.3534e-04,  2.8725e-03,  2.6474e-03,  ...,  2.3933e-03,
           1.5087e-03,  1.7595e-03]],

        [[ 8.8656e-03,  3.6879e-03, -1.3981e-03,  ...,  4.4670e-03,
           1.9907e-03,  2.3583e-03]],

        [[-1.4708e-03,  2.2864e-03,  1.8071e-03,  ...,  6.5136e-03,
           1.3857e-03, -6.4383e-03]],

        ...,

        [[-4.8241e-02, -8.8393e-03, -8.1643e-03,  ..., -2.3634e-03,
           5.3736e-02,  2.4861e-03]],

        [[-2.5729e-03,  9.8523e-03, -4.5432e-05,  ...,  7.4372e-03,
           2.2759e-02,  3.1697e-02]],

        [[-2.0024e-03, -6.1264e-03, -3.7520e-03,  ..., -1.8573e-04,
           4.4082e-03, -5.1271e-03]]])