6, 32, 100
tensor([[[ 1.7336e-02,  3.0845e-03, -1.5903e-02,  ..., -3.8130e-03,
           3.7206e-04, -4.8790e-03],
         [-1.8942e-03,  6.8639e-03, -2.1552e-02,  ...,  5.9614e-03,
          -4.7177e-03, -6.0574e-04],
         [ 4.4578e-03, -5.5849e-03,  1.4859e-02,  ..., -2.4777e-03,
           7.9573e-03,  8.1325e-03],
         ...,
         [-1.0331e-01,  1.3826e-02, -7.2881e-03,  ...,  5.1978e-03,
          -5.0857e-02, -2.3578e-02],
         [-3.5309e-02, -6.5732e-02,  3.4272e-02,  ...,  3.1657e-03,
          -6.6709e-02,  1.8037e-02],
         [ 1.8403e-02,  4.9767e-03,  5.9031e-03,  ...,  3.2494e-02,
           3.6035e-03, -7.6985e-03]],

        [[ 1.1988e-02, -2.0148e-03, -1.6191e-02,  ..., -7.8923e-03,
           5.3786e-03, -6.8251e-03],
         [-2.0242e-03,  6.4683e-03, -2.1801e-02,  ...,  6.4733e-03,
          -4.3171e-03, -5.7885e-04],
         [ 4.3579e-03, -2.3111e-04,  1.2605e-02,  ..., -1.5754e-03,
           6.6396e-03,  9.6158e-03],
         ...,
         [-1.0151e-01,  1.2764e-02, -6.0819e-03,  ...,  6.3108e-03,
          -4.8527e-02, -2.3651e-02],
         [-4.2885e-02, -5.8935e-02,  3.2902e-02,  ..., -3.7803e-03,
          -4.1211e-02,  1.3169e-02],
         [ 1.8943e-02,  3.2322e-03,  5.8818e-03,  ...,  2.5536e-02,
           2.0017e-03, -7.9733e-03]],

        [[ 2.5167e-03, -7.6955e-03, -1.2278e-02,  ..., -7.0373e-03,
           4.6708e-03, -4.8919e-04],
         [-2.1786e-03,  6.0753e-03, -2.1567e-02,  ...,  6.6861e-03,
          -3.9313e-03, -9.5225e-04],
         [ 2.5508e-03,  1.0938e-03,  1.2215e-02,  ...,  1.8658e-03,
           4.2727e-03,  5.4811e-03],
         ...,
         [-9.6435e-02,  9.6460e-03, -4.3178e-03,  ...,  7.2125e-03,
          -4.4322e-02, -2.1293e-02],
         [-3.6788e-02, -4.2970e-02,  2.6371e-02,  ..., -8.0049e-03,
          -2.2872e-02, -1.5788e-03],
         [ 1.4813e-02,  6.8550e-03, -6.1114e-03,  ...,  1.9083e-02,
           3.8104e-04, -1.0096e-02]],

        [[ 8.9702e-03, -2.1700e-03, -6.6054e-03,  ..., -1.1211e-03,
           5.0286e-03, -2.9296e-03],
         [-1.8158e-03,  5.6795e-03, -2.0082e-02,  ...,  5.2525e-03,
          -4.5012e-03, -1.0438e-03],
         [ 2.2595e-03,  2.6173e-04,  9.0075e-03,  ...,  5.0946e-04,
           2.9947e-03,  5.3926e-03],
         ...,
         [-1.0085e-01,  1.2092e-02, -6.8605e-03,  ...,  5.2548e-03,
          -4.8191e-02, -2.2816e-02],
         [-1.5692e-02, -2.2158e-02,  3.2454e-03,  ..., -1.0188e-02,
          -1.0856e-02, -1.0673e-03],
         [ 9.3432e-03,  2.9215e-03, -4.6088e-03,  ...,  1.4589e-02,
           3.3194e-03, -5.6138e-03]],

        [[ 5.8963e-03, -2.2357e-03, -6.7948e-03,  ..., -1.8462e-03,
           2.1226e-03, -1.1669e-03],
         [-1.7159e-03,  6.3883e-03, -2.0497e-02,  ...,  5.5564e-03,
          -3.9559e-03, -6.3850e-04],
         [ 9.8878e-04, -2.8308e-03,  1.0197e-02,  ...,  7.3594e-04,
           3.4084e-03,  6.5202e-03],
         ...,
         [-9.0293e-02,  5.5698e-03, -2.7459e-03,  ...,  6.4591e-03,
          -3.7480e-02, -1.9245e-02],
         [-2.9743e-03, -1.2041e-02,  7.1482e-04,  ..., -5.8765e-03,
          -2.4565e-03, -5.9328e-04],
         [ 7.2022e-03,  5.1232e-03, -2.2227e-03,  ...,  1.4254e-02,
           4.8069e-03, -4.9416e-03]],

        [[ 7.0731e-03, -1.8354e-03, -8.0339e-03,  ..., -2.9869e-03,
           2.8998e-03, -2.0528e-03],
         [-1.1226e-03,  5.4303e-03, -1.7448e-02,  ...,  4.3260e-03,
          -3.7948e-03, -3.7779e-04],
         [-5.2424e-05,  3.4979e-04,  7.1277e-03,  ...,  1.8500e-03,
           3.0034e-03,  2.8326e-03],
         ...,
         [-8.7265e-02,  8.4783e-03, -5.4440e-03,  ...,  4.1042e-03,
          -3.6900e-02, -1.8484e-02],
         [ 9.6825e-04, -1.0227e-02,  1.0335e-02,  ...,  4.4880e-03,
          -1.1299e-02, -1.9053e-04],
         [ 5.7945e-03,  3.7198e-03, -1.4862e-03,  ...,  1.1386e-02,
           3.8643e-03, -2.7001e-03]]])