1, 6, 6
tensor([[[ 0.0000e+00, -3.4028e+38, -3.4028e+38, -3.4028e+38, -3.4028e+38,
          -3.4028e+38],
         [ 0.0000e+00,  0.0000e+00, -3.4028e+38, -3.4028e+38, -3.4028e+38,
          -3.4028e+38],
         [ 0.0000e+00,  0.0000e+00,  0.0000e+00, -3.4028e+38, -3.4028e+38,
          -3.4028e+38],
         [ 0.0000e+00,  0.0000e+00,  0.0000e+00,  0.0000e+00, -3.4028e+38,
          -3.4028e+38],
         [ 0.0000e+00,  0.0000e+00,  0.0000e+00,  0.0000e+00,  0.0000e+00,
          -3.4028e+38],
         [ 0.0000e+00,  0.0000e+00,  0.0000e+00,  0.0000e+00,  0.0000e+00,
           0.0000e+00]]])