32, 6, 100
tensor([[[ 6.0815e-01,  4.5325e-01, -5.7552e-01,  ...,  1.8005e-01,
          -2.2071e-01, -3.0111e-01],
         [-8.4466e-02, -4.3988e-01,  1.6655e-02,  ..., -2.0955e-02,
          -4.8999e-01, -1.7758e-01],
         [ 9.6500e-02, -4.5279e-01,  3.3225e-01,  ...,  1.4397e-01,
          -2.9078e-01, -1.9249e-01],
         [-1.1920e+00, -8.7295e-01,  6.4067e-01,  ...,  3.7114e-01,
          -4.1163e-01, -4.8023e-01],
         [-1.2858e-01, -9.3993e-02,  3.7616e-01,  ...,  3.4702e-01,
          -3.8913e-01, -3.0664e-01],
         [-2.0607e+00, -1.4559e+00,  1.4646e+00,  ...,  2.1602e-01,
          -3.3897e-02, -3.9193e-02]],

        [[ 3.2437e-01,  8.1791e-01,  8.0098e-01,  ...,  2.6069e-01,
           1.2052e-01,  1.0957e-01],
         [ 3.9986e-01, -1.3882e-01, -5.1635e-02,  ..., -8.4764e-02,
           1.6337e-01,  5.0606e-01],
         [ 1.6619e-01,  2.8926e-01,  2.4912e-01,  ..., -1.2931e-03,
           2.5664e-01,  4.3798e-01],
         [-4.2592e-01,  7.4734e-02,  1.5056e-01,  ...,  2.8183e-01,
           8.9327e-02,  2.5016e-02],
         [-4.7980e-01,  2.5307e-01,  3.7197e-01,  ...,  1.1591e-01,
           1.9241e-01,  3.3101e-01],
         [ 3.4068e-01, -1.4279e+00, -1.1539e+00,  ...,  3.5301e-01,
           2.6847e-02,  1.7448e-01]],

        [[ 2.5222e-01,  3.5326e-01, -8.8601e-01,  ...,  2.4002e-03,
           1.5669e-01,  8.0006e-02],
         [ 3.6007e-01, -3.4029e-01, -4.2884e-01,  ..., -6.1831e-02,
           1.1467e-01, -2.6752e-01],
         [-1.1732e-01, -5.5722e-01, -1.3626e-01,  ..., -1.3601e-01,
           2.0234e-01, -2.1051e-01],
         [-9.5674e-02, -3.0027e-01,  2.8048e-01,  ..., -2.3080e-02,
           1.9231e-01, -7.9350e-02],
         [-4.1117e-01,  1.5131e-01,  5.3884e-01,  ..., -1.7191e-01,
           6.8213e-02, -2.3587e-01],
         [ 2.8007e-01,  1.1962e+00,  4.7994e-01,  ..., -8.1524e-02,
           6.8636e-02, -8.0154e-03]],

        ...,

        [[-8.2133e-01, -3.8773e-01, -3.1626e-01,  ..., -3.8801e-01,
          -4.4881e-01, -1.1354e-01],
         [ 8.4099e-01,  1.1598e+00, -6.0786e-01,  ...,  7.5693e-01,
           6.1735e-01,  7.1130e-01],
         [ 5.9246e-01,  1.2349e+00,  3.9858e-01,  ...,  7.0539e-01,
           6.6592e-01,  8.0564e-01],
         [ 2.2278e-01,  5.1749e-01, -1.4161e-01,  ..., -3.3554e-01,
          -7.1622e-01, -3.4485e-02],
         [-6.1179e-01, -5.5161e-02,  1.1819e+00,  ...,  5.4689e-01,
           1.7158e-01,  8.8686e-01],
         [-1.3858e-01, -7.0647e-02,  1.7362e-01,  ..., -5.0455e-01,
          -6.6968e-01,  3.5222e-02]],

        [[-1.4472e-01,  1.0003e-02, -5.0495e-01,  ..., -2.2801e-01,
           1.0232e-02, -1.8036e-02],
         [ 1.3539e+00, -1.6120e+00, -1.0048e-01,  ..., -4.9241e-01,
          -1.7670e-01,  4.8389e-01],
         [ 1.0988e+00, -8.4453e-01,  7.9562e-01,  ..., -4.2895e-01,
          -1.0955e-01,  5.2636e-01],
         [ 3.8090e-01, -2.1682e-01,  5.4078e-01,  ..., -2.4260e-01,
          -2.1531e-01,  2.9675e-02],
         [-7.3231e-01,  7.2900e-01,  1.3875e+00,  ..., -7.0270e-01,
          -2.4673e-01,  8.8170e-01],
         [-5.9273e-01,  7.0257e-01,  2.8097e-01,  ..., -5.0817e-01,
           1.0486e-01,  4.1721e-01]],

        [[ 7.6664e-01, -2.3248e-01, -1.9311e-02,  ..., -2.1240e-02,
           2.4076e-01, -4.4751e-01],
         [ 6.2968e-01, -3.2288e-01, -4.1946e-01,  ..., -1.2403e-02,
           8.5518e-02, -3.3049e-01],
         [ 8.5402e-02, -3.1048e-01,  6.9446e-03,  ..., -2.1037e-02,
           1.3484e-01, -3.6546e-01],
         [-1.8875e-01, -1.0707e-01,  6.4651e-02,  ..., -1.7984e-01,
          -1.4889e-01, -2.8874e-01],
         [-9.0021e-01,  3.0202e-01,  8.5092e-01,  ...,  2.2817e-02,
           7.2996e-02, -3.4711e-01],
         [-4.8835e-01,  5.9606e-01,  7.6751e-01,  ..., -1.3734e-01,
          -5.5754e-02, -4.1445e-01]]])