32, 6, 100
tensor([[[ 0.9957,  0.5055, -0.6987,  ..., -0.2885, -0.8605, -0.0536],
         [-0.1994,  0.3310, -0.3429,  ..., -0.7752,  0.5197,  0.2314],
         [-0.0195,  0.2372, -0.3301,  ..., -0.1504,  0.4111,  0.1647],
         [ 1.7681,  0.5706, -1.2220,  ...,  0.6512, -1.2374, -0.9424],
         [ 0.1723,  0.3380, -0.4815,  ..., -0.1832,  0.3935,  0.3011],
         [ 2.4479, -0.5248, -1.6481,  ...,  1.3197, -1.3059, -1.7869]],

        [[ 0.0043,  0.0673,  0.0069,  ..., -1.2866, -0.3594,  1.3956],
         [ 0.9971, -0.7102, -0.3128,  ...,  0.7634, -0.1918, -0.5025],
         [ 0.6437, -0.4574, -0.1582,  ...,  0.6806, -0.1048, -0.4308],
         [ 0.4127,  0.0745,  0.1984,  ..., -2.0046, -0.1174,  1.8511],
         [ 0.9311, -0.6772, -0.1438,  ...,  0.1388, -0.3764, -0.1729],
         [ 0.7641,  0.0527,  0.4083,  ..., -2.5992, -0.7313,  0.1228]],

        [[ 0.2197,  0.0662, -0.3071,  ..., -1.4960,  2.7212, -1.6703],
         [ 0.3743,  1.2635, -0.5329,  ..., -1.2385,  0.6771, -0.0388],
         [ 0.2798,  0.8169, -0.4791,  ..., -0.4591,  0.3571, -0.1952],
         [ 0.2069,  0.2249, -0.3711,  ..., -0.8836,  2.1270, -0.4808],
         [ 0.4697,  0.7441, -0.5439,  ..., -0.3905,  0.0593,  0.0134],
         [ 0.6729, -0.1995, -0.7163,  ...,  0.7869,  1.0533, -0.1151]],

        ...,

        [[ 0.3814,  0.1822, -0.3848,  ..., -0.9418, -2.7680, -0.7562],
         [ 0.5242,  0.4263,  0.0600,  ..., -0.1289, -0.1075, -0.4077],
         [ 0.2438,  0.1566,  0.0355,  ..., -0.1508,  0.0215, -0.4194],
         [ 0.3461,  0.5387, -0.4124,  ..., -1.4899, -2.1895, -0.6689],
         [ 0.8064,  0.3256, -0.3116,  ..., -0.5241, -0.5741, -0.8922],
         [ 0.5275, -0.1765, -0.7440,  ..., -1.9984, -1.1181, -1.7959]],

        [[-1.9825,  0.0772, -1.7381,  ...,  0.6149,  2.0557, -0.2687],
         [-0.1762, -0.5585, -0.9475,  ...,  0.4085,  0.1030, -0.3485],
         [-0.1600, -0.3873, -0.5747,  ...,  0.0922, -0.2407, -0.1542],
         [-0.8537, -0.1851, -0.8259,  ...,  0.1267,  0.7999,  0.0279],
         [ 0.0216, -0.8354, -0.4875,  ...,  0.6791,  0.0379, -0.5992],
         [-2.1145, -0.1134, -1.7953,  ...,  1.1275, -0.2826, -1.0190]],

        [[-0.0674,  0.0156, -0.1636,  ...,  0.0794, -0.1408,  0.1118],
         [ 0.2647, -0.0268, -0.5215,  ..., -0.1078,  0.2076, -0.2163],
         [ 0.1186, -0.0200, -0.3736,  ..., -0.3738,  0.1916, -0.7529],
         [-0.1644,  0.0779, -0.2380,  ..., -0.6193, -1.1688,  0.4503],
         [ 0.3679, -0.1868, -0.5946,  ...,  0.1797, -0.0803,  0.6564],
         [-0.1109, -0.0128, -0.7722,  ...,  1.6351,  1.0798,  1.2539]]])