32, 6, 6
tensor([[[ 3.6454e+00, -3.4028e+38, -3.4028e+38, -3.4028e+38, -3.4028e+38,
          -3.4028e+38],
         [ 2.8730e+00,  1.6338e+00, -3.4028e+38, -3.4028e+38, -3.4028e+38,
          -3.4028e+38],
         [ 2.5810e+00,  1.7396e+00,  1.4437e+00, -3.4028e+38, -3.4028e+38,
          -3.4028e+38],
         [ 3.7274e+00,  2.1407e+00,  1.8920e+00,  5.0550e+00, -3.4028e+38,
          -3.4028e+38],
         [ 2.4635e+00,  1.1955e+00,  1.1950e+00,  2.7960e+00,  1.1256e+00,
          -3.4028e+38],
         [ 5.5164e+00,  4.2010e+00,  3.7240e+00,  5.3934e+00,  3.5290e+00,
           4.2291e+00]],

        [[ 6.0299e+00, -3.4028e+38, -3.4028e+38, -3.4028e+38, -3.4028e+38,
          -3.4028e+38],
         [ 8.0180e+00,  4.2133e+00, -3.4028e+38, -3.4028e+38, -3.4028e+38,
          -3.4028e+38],
         [ 7.1316e+00,  4.1384e+00,  3.1997e+00, -3.4028e+38, -3.4028e+38,
          -3.4028e+38],
         [ 5.8510e+00,  2.1281e+00,  2.1324e+00,  2.9540e+00, -3.4028e+38,
          -3.4028e+38],
         [ 7.6121e+00,  4.0910e+00,  3.5586e+00,  3.9503e+00,  4.0326e+00,
          -3.4028e+38],
         [ 5.3483e+00,  2.0525e+00,  1.7503e+00,  2.2004e+00,  2.0474e+00,
           3.5379e+00]],

        [[ 2.2380e+00, -3.4028e+38, -3.4028e+38, -3.4028e+38, -3.4028e+38,
          -3.4028e+38],
         [ 2.5873e+00,  1.1029e+00, -3.4028e+38, -3.4028e+38, -3.4028e+38,
          -3.4028e+38],
         [ 2.2523e+00,  8.4194e-01,  1.0177e+00, -3.4028e+38, -3.4028e+38,
          -3.4028e+38],
         [ 2.0832e+00,  9.5381e-02,  6.7753e-01,  1.4537e+00, -3.4028e+38,
          -3.4028e+38],
         [ 2.4148e+00,  1.1340e-01,  5.0534e-01,  1.4751e+00,  1.2304e+00,
          -3.4028e+38],
         [ 1.9948e+00,  2.5420e-01,  2.6802e-01,  1.0500e+00,  2.4956e-01,
           2.1069e+00]],

        ...,

        [[ 6.9213e+00, -3.4028e+38, -3.4028e+38, -3.4028e+38, -3.4028e+38,
          -3.4028e+38],
         [ 5.4639e+00,  1.3497e+00, -3.4028e+38, -3.4028e+38, -3.4028e+38,
          -3.4028e+38],
         [ 4.6381e+00,  1.3427e+00,  7.9624e-01, -3.4028e+38, -3.4028e+38,
          -3.4028e+38],
         [ 7.0991e+00,  1.2009e+00,  6.3644e-01,  3.8613e+00, -3.4028e+38,
          -3.4028e+38],
         [ 4.9278e+00,  1.7564e+00,  1.1965e+00,  2.7876e+00,  1.1808e+00,
          -3.4028e+38],
         [ 7.1621e+00,  1.7731e+00,  1.1547e+00,  5.1015e+00,  1.9710e+00,
           5.3615e+00]],

        [[ 3.9134e+00, -3.4028e+38, -3.4028e+38, -3.4028e+38, -3.4028e+38,
          -3.4028e+38],
         [ 2.2375e+00,  1.3684e+00, -3.4028e+38, -3.4028e+38, -3.4028e+38,
          -3.4028e+38],
         [ 1.4230e+00,  8.6748e-01,  9.8944e-01, -3.4028e+38, -3.4028e+38,
          -3.4028e+38],
         [ 3.0932e+00,  2.7864e+00,  2.9518e+00,  3.7139e+00, -3.4028e+38,
          -3.4028e+38],
         [ 4.9831e-01, -4.5636e-01,  7.6472e-01,  2.1679e+00,  1.4869e+00,
          -3.4028e+38],
         [ 2.4698e+00,  1.1310e+00,  1.6249e+00,  2.5530e+00,  2.1377e+00,
           3.4957e+00]],

        [[ 1.6543e+00, -3.4028e+38, -3.4028e+38, -3.4028e+38, -3.4028e+38,
          -3.4028e+38],
         [ 2.3745e+00,  1.6592e+00, -3.4028e+38, -3.4028e+38, -3.4028e+38,
          -3.4028e+38],
         [ 1.9245e+00,  8.6720e-01,  1.2312e+00, -3.4028e+38, -3.4028e+38,
          -3.4028e+38],
         [ 2.2986e+00,  9.1140e-01,  1.1842e+00,  1.9704e+00, -3.4028e+38,
          -3.4028e+38],
         [ 2.6809e+00,  7.6312e-01,  1.3260e+00,  2.2018e+00,  1.3569e+00,
          -3.4028e+38],
         [ 2.2340e+00,  1.6645e-01,  6.3092e-01,  1.8293e+00,  6.2263e-01,
           1.6818e+00]]])