32, 7, 100
tensor([[[ 1.7336e-02,  3.0845e-03, -1.5903e-02,  ..., -3.8130e-03,
           3.7206e-04, -4.8790e-03],
         [-6.4766e-03, -1.9622e-02, -1.7186e-02,  ..., -2.1978e-02,
           2.2666e-02, -1.3545e-02],
         [-3.1600e-02, -2.5276e-02,  5.6245e-03,  ...,  2.9929e-03,
          -6.1158e-03,  3.0749e-02],
         ...,
         [-2.3631e-03,  1.7657e-02,  1.1343e-02,  ...,  9.3181e-03,
          -2.3831e-02,  3.1784e-03],
         [ 3.9366e-03,  1.4724e-03, -1.1436e-03,  ..., -2.5781e-03,
           2.3322e-03,  8.4143e-04],
         [ 9.3534e-04,  2.8725e-03,  2.6474e-03,  ...,  2.3933e-03,
           1.5087e-03,  1.7595e-03]],

        [[-1.8942e-03,  6.8639e-03, -2.1552e-02,  ...,  5.9614e-03,
          -4.7177e-03, -6.0574e-04],
         [-7.8597e-03, -1.1301e-02, -3.2974e-02,  ...,  2.9462e-02,
           1.3673e-02,  6.2856e-04],
         [-2.1579e-03,  1.0277e-02,  6.8057e-03,  ..., -1.4581e-02,
          -8.8288e-03, -2.2668e-02],
         ...,
         [ 7.6747e-03,  2.1099e-02, -5.6558e-03,  ..., -7.9346e-03,
           1.0170e-02,  1.0157e-02],
         [ 2.3861e-03,  2.6141e-04, -2.4265e-04,  ..., -1.8139e-03,
          -3.6664e-03,  2.0994e-03],
         [ 8.8656e-03,  3.6879e-03, -1.3981e-03,  ...,  4.4670e-03,
           1.9907e-03,  2.3583e-03]],

        [[ 4.4578e-03, -5.5849e-03,  1.4859e-02,  ..., -2.4777e-03,
           7.9573e-03,  8.1325e-03],
         [ 3.9168e-03,  2.3392e-02,  2.6603e-03,  ...,  2.4056e-03,
           8.2534e-04,  1.6161e-02],
         [-5.1492e-03,  5.3437e-03,  1.1144e-02,  ...,  1.6341e-02,
          -5.4992e-03, -1.2590e-02],
         ...,
         [-8.5009e-03, -1.3752e-02,  1.1682e-02,  ...,  6.1940e-03,
           4.1757e-04,  8.3243e-03],
         [-2.9843e-03,  2.5456e-03,  2.5051e-03,  ...,  3.8685e-03,
           2.3595e-03, -3.4170e-03],
         [-1.4708e-03,  2.2864e-03,  1.8071e-03,  ...,  6.5136e-03,
           1.3857e-03, -6.4383e-03]],

        ...,

        [[-1.0331e-01,  1.3826e-02, -7.2881e-03,  ...,  5.1978e-03,
          -5.0857e-02, -2.3578e-02],
         [ 8.6972e-03, -5.2221e-02,  6.7744e-02,  ...,  7.4431e-02,
           9.4114e-02, -2.8080e-02],
         [ 4.2267e-02, -7.8315e-02,  9.6750e-03,  ..., -1.4973e-02,
           2.1203e-02,  9.6934e-02],
         ...,
         [-4.1754e-02, -9.0392e-03,  4.7338e-02,  ..., -2.0281e-02,
           1.4118e-02,  5.0616e-03],
         [-2.3701e-02,  4.7078e-03, -1.0872e-03,  ..., -2.2499e-03,
           7.5078e-03,  1.8581e-03],
         [-4.8241e-02, -8.8393e-03, -8.1643e-03,  ..., -2.3634e-03,
           5.3736e-02,  2.4861e-03]],

        [[-3.5309e-02, -6.5732e-02,  3.4272e-02,  ...,  3.1657e-03,
          -6.6709e-02,  1.8037e-02],
         [-6.0954e-02, -4.2724e-02,  2.9635e-02,  ..., -2.0346e-02,
           1.9599e-02,  1.5577e-03],
         [-1.7679e-02, -8.0715e-03,  1.1292e-02,  ..., -1.4315e-02,
           7.1622e-03, -3.4619e-02],
         ...,
         [-8.4138e-03, -1.8975e-02,  3.4952e-02,  ...,  7.8885e-03,
           1.1309e-02,  1.0342e-03],
         [ 2.0122e-02,  9.5555e-03,  8.2524e-03,  ...,  1.5515e-02,
          -6.8982e-03, -3.2550e-03],
         [-2.5729e-03,  9.8523e-03, -4.5432e-05,  ...,  7.4372e-03,
           2.2759e-02,  3.1697e-02]],

        [[ 1.8403e-02,  4.9767e-03,  5.9031e-03,  ...,  3.2494e-02,
           3.6035e-03, -7.6985e-03],
         [ 2.0048e-02, -3.3505e-04,  5.8382e-03,  ...,  1.1310e-02,
          -1.2735e-03, -8.5352e-03],
         [ 3.9961e-03,  1.5608e-02, -3.8447e-02,  ..., -2.3407e-03,
          -4.9151e-03, -1.5978e-02],
         ...,
         [-1.1613e-02,  2.1114e-02,  9.9843e-03,  ..., -1.0081e-04,
           1.4053e-02, -4.1719e-04],
         [-6.3058e-04,  1.8610e-03, -1.1969e-04,  ..., -1.6386e-03,
          -1.2238e-04,  4.4919e-03],
         [-2.0024e-03, -6.1264e-03, -3.7520e-03,  ..., -1.8573e-04,
           4.4082e-03, -5.1271e-03]]])